Route #1: 862 601 434 109 828 343
Route #2: 138 797 351 993 807 1029 773 317
Route #3: 761 40 197 622 919 799 136 505
Route #4: 730 910 387 45 486 71 457
Route #5: 912 934 727 423 193 424 638
Route #6: 281 506 55 1020 116 522 427
Route #7: 672 496 869 534 54 258 963 573
Route #8: 192 488 295 832 458 186 241
Route #9: 243 85 637 307 354 855 119 937
Route #10: 37 6 867 631 953 360 794
Route #11: 753 583 533 620 897 274 557 177
Route #12: 390 627 961 984 970 82 705
Route #13: 216 226 764 938 840 308 723 676
Route #14: 590 118 598 475 47 311 290 780
Route #15: 442 846 889 1013 137 94 949
Route #16: 1030 48 651 206 330 63 687
Route #17: 14 1032 757 87 51 930 426
Route #18: 883 931 443 605 495 497 779
Route #19: 377 762 103 1033 770 680 225 979
Route #20: 969 173 946 240 967 766 314
Route #21: 205 749 612 852 958 1044 430
Route #22: 376 69 618 608 188 663 876 845
Route #23: 303 989 987 50 556 336 939
Route #24: 916 659 581 611 978 694 95
Route #25: 166 736 645 218 508 398 626
Route #26: 422 751 1037 997 815 568 650 174
Route #27: 347 625 165 374 778 149 623 394
Route #28: 863 668 88 471 126 662 102
Route #29: 342 66 161 418 804 858 230 337
Route #30: 652 429 998 489 74 440 248 56
Route #31: 847 1019 2 27 437 58 571 864
Route #32: 516 695 787 692 788 857 147 202 33
Route #33: 28 487 419 679 805 296 189
Route #34: 923 460 362 906 992 52 246 105
Route #35: 555 742 918 7 371 310 81 107
Route #36: 593 198 352 86 698 408 154 204
Route #37: 128 760 203 283 818 827 348 401
Route #38: 630 728 940 267 524 421 31
Route #39: 907 164 36 829 559 278 985 1011
Route #40: 249 463 120 344 391 60 327 523
Route #41: 115 407 819 217 454 942 822 988
Route #42: 479 830 755 1024 5 1015 580 476
Route #43: 413 795 239 703 319 514 358 332
Route #44: 715 1022 933 285 532 777 158
Route #45: 415 289 67 324 221 585 372
Route #46: 564 927 968 660 959 896 131
Route #47: 316 346 397 740 383 576 1008 41
Route #48: 382 117 438 633 549 280 914 814
Route #49: 451 566 824 25 341 302 363 464
Route #50: 245 1047 11 156 242 275 741
Route #51: 511 114 196 22 59 520 871
Route #52: 510 844 974 1006 599 747 79 634
Route #53: 325 616 913 456 400 301 97
Route #54: 712 232 30 654 26 474 182
Route #55: 104 718 276 690 373 393 122
Route #56: 256 446 925 9 885 21 539 544
Route #57: 80 432 365 176 254 405 208
Route #58: 184 339 75 643 235 498 708 106
Route #59: 435 619 49 569 10 649 854 955
Route #60: 199 686 369 772 1042 582 93
Route #61: 493 782 212 251 366 62 673
Route #62: 632 53 790 396 378 491 288 220
Route #63: 270 381 546 561 528 1046 707 678
Route #64: 16 484 181 756 260 466 417
Route #65: 357 441 209 462 315 57 171
Route #66: 92 802 529 264 29 83 501 743 494
Route #67: 977 323 215 657 1023 1014 1005
Route #68: 76 688 929 932 812 835 237
Route #69: 481 791 141 719 644 570 538 163
Route #70: 350 781 180 873 1003 926 478 262
Route #71: 250 77 960 879 444 32 640
Route #72: 172 941 861 607 606 112 509
Route #73: 35 721 768 886 406 1038 370 222
Route #74: 702 877 194 888 519 697 577 786
Route #75: 594 713 887 1007 349 207 789 395 990
Route #76: 334 452 642 61 294 402 320 554
Route #77: 936 880 322 866 195 1034 224 1012
Route #78: 485 15 90 821 392 200 972
Route #79: 361 917 1010 298 101 431 1027
Route #80: 543 900 924 155 991 492 13
Route #81: 675 767 416 135 803 219 499
Route #82: 1017 513 964 754 648 157 856 179
Route #83: 450 98 860 183 389 729 190 965 306
Route #84: 689 353 714 459 836 904 739 733
Route #85: 132 884 44 704 682 261 127 903
Route #86: 647 178 954 920 449 709 982 966
Route #87: 994 263 720 244 572 635 646 134
Route #88: 271 234 962 328 162 425 870 745
Route #89: 265 1 589 18 477 834 748
Route #90: 617 948 670 825 257 816 38
Route #91: 1026 467 891 711 473 865 848 808
Route #92: 412 947 683 567 995 746 996
Route #93: 1031 68 17 159 725 150 273
Route #94: 636 826 329 911 839 530 309
Route #95: 300 146 70 655 428 455 685
Route #96: 1021 1018 732 892 201 84 908
Route #97: 333 34 24 1039 384 971 145 96 236
Route #98: 356 986 42 872 734 312 211
Route #99: 710 238 578 110 65 783 547 945
Route #100: 277 853 951 575 483 143 3 868
Route #101: 297 1001 213 841 535 185 588 453
Route #102: 1000 875 255 153 693 785 895
Route #103: 584 915 596 843 231 121 338 666
Route #104: 604 943 540 878 849 170 624
Route #105: 591 340 563 793 345 433 223 321
Route #106: 629 717 160 12 517 738 367 981
Route #107: 100 299 831 461 850 411 975
Route #108: 928 447 326 46 20 259 490
Route #109: 313 595 1002 125 784 562 602
Route #110: 512 23 669 890 507 8 293
Route #111: 724 639 525 983 503 671 552 500
Route #112: 752 228 91 774 909 448 541
Route #113: 922 696 375 123 304 380 956
Route #114: 628 504 775 935 813 833 318 796
Route #115: 64 436 817 167 470 73 1035
Route #116: 1045 144 558 139 553 716 592
Route #117: 859 586 653 899 674 615 169
Route #118: 536 560 735 798 902 39 111
Route #119: 750 305 108 355 19 809 801 269
Route #120: 701 600 468 658 1041 331 521 364
Route #121: 894 980 388 574 469 359 759 973
Route #122: 699 769 414 227 410 148 731
Route #123: 187 667 287 210 1028 548 921
Route #124: 550 542 792 518 597 78 439
Route #125: 531 950 385 399 286 806 409 272
Route #126: 665 335 551 621 842 851 168 545
Route #127: 420 691 952 247 284 776 1016
Route #128: 901 252 279 133 502 282 268 480
Route #129: 129 99 999 130 472 579 610 1040
Route #130: 957 722 726 565 758 403 656 526
Route #131: 882 175 142 664 765 737 681
Route #132: 291 140 445 744 700 838 1009
Route #133: 837 976 292 537 603 266 43 386 800
Route #134: 482 515 253 771 72 152
Route #135: 881 379 587 89 677 823 641
Route #136: 613 191 706 811 4 820 810
Route #137: 113 233 404 229 609 1025 214 151
Route #138: 661 1036 465 527 874 614 368 1043
Route #139: 898 684 1004 893 944 124 763 905
Cost 132188.0
